1001,1002,1003,

1004,

1005,

1006,



1007,


1008,

1009,


1010,

1011,

1501,

1502,
1503,




1504,

1505,

1506,

1507,

1508,

1509,

1510,

1511,

1512,

1513,

1514,

1515,

2001,



2002,

2003,

2004,

2005,

2006,

2007,
2008,

2009,

2010,


2011,


2012,

2013,

2014,
2015,

2501,

2502,

2503,

2504,

2505,

2506,

2507,

2508,

2509,

2510,



2511,


2512,

2513,

2514,

2515,

3001,



3002,

3003,

3004,

3005,

3006,



3007,

3008,

3009,

3010,


3011,

3012,

3013,


3014,

3015,

3016,


3017,


3018,


3019,

3020,

3021,





3022,

3023,

3024,

3025,

3026,

3027,




3028,

3029,

3030,

3031,
3032,

3033,

3034,

3035,



3036,
3037,

3038,

3039,

3040,

3041,

3042,

3043,



3044,

3045,

3046,

3047,

3048,



3049,

3050,




3051,

3052,

3053,

3054,



3055,

3056,

3057,


3058,

3059,

3060,

3061,

3062,

3063,

3064,



3065,

3066,



3067,

3068,


3069,

3070,

3071,

3072,



3073,


3074,

3075,

3076,

3077,




3078,

3079,

3080,

3081,

3082,
3083,

3084,

3085,



3086,

3087,

3088,

3089,

3090,




3091,



3092,

3093,

3094,

3095,



3096,

3097,

3098,

3099,

3100,


3101,

3102,

4001,

4002,




4003,


4004,


4005,

4006,



4007,

4008,


4009,

4010,



4011,

4012,



4013,




4014,

4015,

4016,

4017,

4018,


4019,



4020,

4021,


4022,

4023,

4024,



4025,



4026,

4027,



4028,



4029,



4030,

4031,



4032,

4033,

4034,

4035,


4036,


4037,



4038,


4039,


4040,

4041,


4042,



4043,



4044,

4045,

4046,

4047,


4048,

4049,
4050,

4051,

4052,

4053,

4054,



4055,



4056,

4057,


4058,

4059,

4060,


4061,


4062,

4063,

4064,


4065,

4066,


4067,


4068,

4069,

4070,


4071,


4072,



4073,


4074,

4075,



4076,

4077,

4078,

4079,



4080,




4081,



4082,

4083,

4084,

4085,


4086,



4087,

4088,


4089,


4090,

4091,


4092,

4093,



4094,

4095,

4096,



4097,


4098,

4099,


4100,



4101,



4102,

4103,



4104,




4105,



4106,


4107,


4108,

4109,

4110,

4111,

4112,

4113,

4114,

4115,

4116,

4117,

4118,



4119,

4120,


4121,

4122,

4123,

5001,

5002,


5003,
5004,



5005,




5006,

5007,


5008,


5009,


5010,

5011,

5012,


5013,


5014,

5015,
5016,

5017,


5018,


5019,

5020,
5021,


5022,



5023,
5024,

5025,

5026,

5027,


5028,



5029,



5030,

5031,

5032,

5033,

5034,


5035,

5036,

5037,





5038,

5039,


5040,
5041,


5042,


5043,


5044,
5045,
5046,

5047,

5048,


5049,



5050,

5051,
5052,

5053,

5054,

5055,
5056,


5057,
5058,

5059,

5060,

5061,




5062,



5063,

5064,

5065,

5066,
5067,



5068,


5069,




5070,

5071,


5072,


5073,


5074,

5075,

5076,



5077,

5078,
5079,



5080,

5081,


5082,

5083,

5084,


5085,



5086,


5087,

5088,






5089,

5090,


5091,



5092,


5093,



5094,

5095,


5096,

5097,

5098,


5099,

5100,

6001,



6002,

6003,



6004,


6005,


6006,

6007,

6008,


6009,




5101,

